5	1	2021	1212	100.00	Deposit
5	1	2021	2323	100.00	Deposit
5	1	2021	3434	100.00	Deposit
5	1	2021	6789	50.00	Deposit
5	1	2021	1234	50.00	Deposit
6	1	2021	1212	200.00	Withdrawal
6	1	2021	2323	200.00	Withdrawal
6	1	2021	3434	50.00	Withdrawal
6	1	2021	6789	10.00	Withdrawal
6	1	2021	4321	50.00	Withdrawal
7	1	2021	1212	250.00	Transfer	2323
7	1	2021	2323	80.00	Transfer	3434
7	1	2021	3434	300.00	Transfer	1212
8	1	2021	1212	50.00	Transfer	2323
9	1	2021	1212	100.00	Deposit
9	1	2021	2323	100.00	Deposit
9	1	2021	3434	100.00	Deposit
10	1	2021	1212	300.00	Transfer	1212